# Created by Octave 8.3.0, Fri Dec 08 12:28:58 2023 GMT <unknown@rac21085>
# name: dataMatrix
# type: cell
# rows: 1
# columns: 6
# name: <cell-element>
# type: string
# elements: 1
# length: 3
rot



# name: <cell-element>
# type: matrix
# rows: 1
# columns: 600
 110615.14290749532 110590.41282248407 110606.91516302935 110624.92702940799 110616.1839897194 110623.14963325196 110632.06482049958 110633.96323572428 110562.58254294818 110462.28400198504 110428.24409745992 110394.40374522744 110414.81924230192 110474.81922990628 110495.80580636054 110514.87212715413 110548.44916564785 110580.76713568653 110588.59851140191 110598.48946144053 110610.19773753398 110612.28781839457 110610.29398436801 110612.47207263249 110613.65144281575 110615.01645132498 110589.64973798109 110412.72594076846 110292.18749103246 110233.18540485499 110162.0240191037 110263.10541688933 110315.93542451516 110335.8848292332 110381.58518849323 110412.084701346 110441.67575213625 110443.6584912348 110465.0364342336 110477.51724995268 110488.32313179193 110492.41743277028 110491.30996488406 110489.4258455915 110444.99544391411 110277.84966673801 110162.56602605767 110113.02950435938 110066.33677457614 110154.65365362834 110206.29455648594 110222.4821006174 110262.34439409077 110296.86371052932 110321.60232995357 110304.61354519849 110176.09357527048 110074.47535098008 110060.32629006615 110012.19953060421 110086.16611738398 110144.8939218102 110140.05353631932 110177.2732387638 110215.12491071159 110252.07499541606 110258.61750143793 110277.87642800497 110304.24504851474 110313.22319477468 110328.22633683108 110335.22783024487 110342.15243034463 110348.65104002506 110202.9925271094 110029.96314048339 109940.16957517946 109839.65420810085 109888.44831252328 109967.31716940615 109986.64016612232 110024.55855739777 110059.92142222877 110103.62281840217 110118.52326881379 110144.18536734296 110170.30342352059 110186.80891099587 110210.2215067669 110216.28228347754 110224.27229117363 110233.9092021001 110116.19279873747 109950.4212966995 109870.49541090135 109788.05830248288 109818.62342508671 109897.07975658623 109921.41127441623 109954.26904663473 109989.74408249371 110035.69587564428 110049.34486617331 110066.8501389962 110085.73049865288 110097.76977981317 110116.85920204327 110116.3739932225 109990.91220772953 109871.74283666177 109828.49096309085 109769.34172183386 109826.73328936573 109888.2289712489 109907.60803702628 109937.89900595238 109983.24799482741 110023.45789998439 110027.89950910321 110049.29523755924 110073.27897874462 110090.27827532057 110100.97967861916 110065.48411868801 109892.65468871206 109777.51555960567 109718.38599490018 109666.58668441518 109765.59756674329 109812.11630483001 109833.70707856742 109875.76280990792 109909.35605822332 109948.14597407574 109962.73373211009 109995.4202321466 110020.02075975318 110036.81076430083 110053.06674218304 110066.94121604801 110046.65415554553 109884.81127853662 109751.7748093065 109682.13982486927 109612.14652833124 109698.5292250312 109753.60444472687 109774.48689063426 109817.98850816501 109851.43092772611 109884.21547448731 109891.67344772097 109914.98571477779 109934.32135377263 109961.43631697478 109985.15960278106 110007.49613088329 109917.62439184426 109780.64051979536 109723.91443498529 109661.39485606574 109687.31975348397 109755.84627689901 109785.69566090783 109818.2972159748 109861.3508127052 109908.51710319762 109916.00866880437 109928.26828239535 109950.35336174746 109967.78233421422 109978.80634566519 109988.99892613079 109961.80762552013 109796.76566782795 109683.74150843419 109620.54273748951 109563.3060630995 109656.84338276583 109708.20394974868 109742.28799525095 109794.14463603498 109824.01876131151 109860.41067767276 109864.00582123199 109884.49318307469 109913.72599100167 109930.55865284344 109944.98403750395 109957.51294525714 109959.33428143564 109821.27277856503 109685.58288067181 109627.41751018012 109551.98721723279 109619.12634102993 109681.59252331438 109700.28657454558 109736.39779705665 109769.74824592823 109808.35949897805 109819.42425881399 109841.36480974019 109866.13587717994 109891.21128838815 109906.99153685369 109907.93848364893 109780.54848434324 109688.67175502765 109680.05665776937 109639.75438481623 109725.75344126405 109780.47503735531 109780.98726526211 109817.13065071005 109846.65517469219 109866.41179073106 109878.21567086987 109893.11188331209 109908.51102587039 109930.14248907269 109937.20204175565 109864.88308869726 109720.62419358097 109634.78282014612 109572.99832973967 109573.73504118124 109658.13221720667 109693.96475250169 109713.09501663948 109743.88987404386 109773.2140103998 109792.14052920873 109805.86338994763 109830.32372506223 109847.32111936019 109863.46496803578 109870.8570147276 109874.8568797333 109739.204259394 109594.01077365517 109536.25387620846 109460.04367385023 109529.15431748572 109603.51584051276 109630.41707971714 109673.0706352423 109714.1320280106 109756.74325666657 109767.72006737738 109798.1738551819 109815.30387976894 109839.38045489762 109866.21575615747 109834.29760909754 109714.41997244961 109640.04793401473 109606.33443873431 109573.36719173947 109649.33307902919 109687.96955314421 109696.22621353985 109732.49421204985 109764.20991087108 109781.38404176378 109792.41481639346 109820.49385551813 109836.59973790919 109855.66850358856 109866.83085534652 109767.04207345675 109636.51559103615 109563.50792851814 109487.49482860568 109522.44744251943 109589.77913037247 109624.75791112229 109665.2287759313 109699.62819229122 109745.92614711575 109764.2981277213 109787.10312786541 109817.76001445782 109842.98263419804 109868.69089706757 109896.6631076698 109914.41344431019 109842.8795771757 109712.33374793691 109626.52850726411 109568.12943815082 109579.44790525077 109649.16795138808 109687.4402843203 109713.03822862657 109745.00368808782 109783.24564507724 109798.46262724922 109812.39786009173 109837.32576931029 109855.25762021178 109872.52696146036 109882.09692661761 109786.16770611648 109662.11534646351 109614.32645535328 109560.08137042525 109593.92196315824 109669.85137293427 109703.44659183743 109731.29089407236 109773.33488150622 109806.70769699843 109803.89969262565 109820.43271074588 109839.3172189724 109849.3009810673 109863.85935279395 109858.96800308622 109723.25298805564 109616.79183779177 109565.06856237871 109502.63838166781 109580.06451884907 109632.9424426162 109656.1985728703 109689.38620660006 109717.82687342593 109750.06854959943 109756.93584059893 109781.45470277796 109799.46854670969 109809.20348150734 109821.92944859777 109823.00019112544 109744.53187750143 109602.0945844253 109515.45271191586 109459.64018388184 109470.1914394043 109552.63459717284 109592.45930492747 109620.04368250325 109661.36222353303 109704.13884495536 109722.80473505925 109739.4016887605 109761.83728593873 109768.83627416096 109788.81186424656 109788.50347881192 109654.82407225823 109568.3328594886 109545.95806101029 109490.73799726574 109574.26937803108 109625.62882323892 109628.21452757239 0 0 0 0 0 0 0 0 0 0 0 0 0 0 0 0 0 0 0 0 0 0 0 0 0 0 0 0 0 0 0 0 0 0 0 0 0 0 0 0 0 0 0 0 0 0 0 0 0 0 0 0 0 0 0 0 0 0 0 0 0 0 0 0 0 0 0 0 0 0 0 0 0 0 0 0 0 0 0 0 0 0 0 0 0 0 0 0 0 0 0 0 0 0 0 0 0 0 0 0 0 0 0 0 0 0 0 0 0 0 0 0 0 0 0 0 0 0 0 0 0 0 0 0 0 0 0 0 0 0 0 0 0 0 0 0 0 0 0 0 0 0 0 0 0 0 0 0 0 0 0 0 0 0 0 0 0 0 0 0 0 0 0 0 0 0 0 0 0 0 0 0 0 0 0 0 0 0 0 0 0 0 0 0 0 0 0 0 0 0 0 0 0 0 0 0 0 0 0 0 0 0 0 0 0 0 0 0 0 0 0 0 0 0 0 0 0 0 0 0 0 0 0 0 0 0 0 0 0 0 0 0 0 0 0 0 0 0 0 0 0 0



# name: <cell-element>
# type: matrix
# rows: 1
# columns: 600
 80 160 240 319 400 481 561 640 720 800 879 959 1039 1119 1198 1278 1358 1436 1517 1597 1676 1756 1836 1917 1996 2076 2155 2236 2315 2395 2475 2554 2634 2714 2794 2872 2953 3033 3112 3192 3273 3354 3433 3512 3592 3671 3751 3831 3911 3990 4070 4150 4228 4309 4390 4470 4549 4629 4709 4788 4867 4947 5027 5106 5186 5266 5346 5425 5505 5584 5663 5744 5825 5905 5984 6064 6145 6226 6304 6384 6464 6543 6623 6703 6783 6862 6941 7021 7100 7181 7262 7342 7421 7501 7582 7660 7740 7820 7900 7979 8059 8139 8219 8297 8377 8457 8536 8617 8698 8778 8857 8937 9017 9096 9176 9256 9336 9415 9495 9575 9655 9733 9813 9893 9972 10053 10134 10214 10293 10372 10453 10534 10613 10693 10773 10852 10932 11012 11091 11170 11250 11330 11409 11490 11571 11651 11729 11808 11889 11970 12049 12129 12209 12288 12368 12447 12527 12606 12686 12766 12846 12925 13006 13086 13164 13244 13324 13405 13484 13564 13644 13722 13801 13880 13960 14039 14119 14199 14279 14358 14439 14518 14597 14677 14758 14839 14918 14998 15078 15159 15237 15317 15397 15476 15556 15636 15716 15795 15875 15955 16034 16114 16195 16276 16355 16435 16515 16594 16673 16753 16833 16912 16992 17072 17152 17231 17311 17391 17470 17550 17631 17712 17791 17871 17950 18031 18110 18190 18270 18349 18429 18509 18589 18667 18748 18828 18908 18987 19068 19149 19229 19307 19386 19467 19546 19626 19706 19786 19865 19945 20024 20104 20183 20263 20343 20422 20503 20584 20664 20742 20822 20903 20984 21063 21143 21223 21302 21381 21461 21541 21620 21700 21780 21860 21939 22020 22099 22178 22258 22339 22420 22499 22579 22659 22737 22816 22896 22976 23055 23135 23215 23295 23374 23454 23534 23613 23693 23773 23854 23933 24013 24093 24173 24252 24332 24412 24492 24571 24651 24731 24809 24890 24970 25050 25129 25210 25291 25371 25450 25529 25610 25689 25769 25849 25929 26008 26088 26168 26247 26326 26406 26486 26565 26646 26727 26807 26885 26964 27045 27126 27205 27285 27365 27444 27524 27603 27683 27762 27842 27922 28002 28081 28162 28243 28321 28401 28481 28562 0 0 0 0 0 0 0 0 0 0 0 0 0 0 0 0 0 0 0 0 0 0 0 0 0 0 0 0 0 0 0 0 0 0 0 0 0 0 0 0 0 0 0 0 0 0 0 0 0 0 0 0 0 0 0 0 0 0 0 0 0 0 0 0 0 0 0 0 0 0 0 0 0 0 0 0 0 0 0 0 0 0 0 0 0 0 0 0 0 0 0 0 0 0 0 0 0 0 0 0 0 0 0 0 0 0 0 0 0 0 0 0 0 0 0 0 0 0 0 0 0 0 0 0 0 0 0 0 0 0 0 0 0 0 0 0 0 0 0 0 0 0 0 0 0 0 0 0 0 0 0 0 0 0 0 0 0 0 0 0 0 0 0 0 0 0 0 0 0 0 0 0 0 0 0 0 0 0 0 0 0 0 0 0 0 0 0 0 0 0 0 0 0 0 0 0 0 0 0 0 0 0 0 0 0 0 0 0 0 0 0 0 0 0 0 0 0 0 0 0 0 0 0 0 0 0 0 0 0 0 0 0 0 0 0 0 0 0 0 0 0 0



# name: <cell-element>
# type: string
# elements: 1
# length: 2
ir



# name: <cell-element>
# type: matrix
# rows: 1
# columns: 600
 115573.83314659615 115546.25667553511 115523.75319231655 115618.33039374868 115646.85227561212 115646.19566519291 115696.41691827211 115730.03550691862 115705.28505806968 115417.42359979037 115220.76901924718 115198.90440687332 115119.67338041056 115306.2913724292 115455.06422382424 115471.14531278613 115585.98650069046 115697.87261345264 115765.41100594332 115796.42125505357 115843.76862511974 115879.4894705769 115911.66506974222 115934.60755205962 115956.70084658323 115984.80760953939 115999.24194777454 115699.48431907069 115284.00707807307 115071.75049272654 114881.31158930709 114985.49867916168 115217.55618494745 115331.94800321748 115442.29105550157 115560.61673229672 115677.21983708355 115723.90041790025 115775.74619634 115839.11591430812 115893.39256353826 115930.93893492351 115950.99573068954 115972.59224091242 115984.11711530591 115630.22013952115 115224.34998654874 115050.62484346359 114867.765564398 115026.56293637041 115244.17027169734 115332.58723367887 115430.14292444757 115540.54929713483 115659.20813680552 115695.67138104212 115495.83280430411 115158.70150337872 115025.07060990043 114950.68014500203 115010.66415094541 115238.89570896358 115354.04248417279 115393.59623694359 115537.50967592344 115666.35685151734 115710.6442007462 115766.6746606431 115831.42938340036 115895.1282764207 115952.25899067601 115993.63714549603 116032.11903125979 116071.37952172445 115975.38839245745 115462.18459697545 115085.36259705621 114897.41843452975 114722.00045452264 115013.07114710101 115183.29518593899 115251.48954859862 115408.93957812671 115523.63776051271 115643.77210451505 115687.43614860358 115772.1011852408 115853.93204658834 115913.18496121356 115966.21011616246 115994.53076994777 116029.78733434487 115985.66766239447 115508.38332993633 115145.16428514099 114982.65598908873 114799.1725744953 115065.16336077228 115229.87781927115 115285.12003401015 115421.16901958281 115532.57670057993 115655.43987284746 115694.41341819242 115762.17454568566 115826.09089351897 115866.27024422213 115910.29775949761 115767.13617953853 115354.0352461048 115141.20199950541 115037.74839033982 114984.88154683422 115241.13574448778 115370.81788632931 115418.03981785616 115577.88336180939 115704.65790329894 115786.63183526855 115833.43709825622 115905.07972525948 115970.28170513923 116023.80351894783 116060.61941521324 115687.93946588039 115266.20033410708 115055.9800480947 114830.93105772004 114998.21958496988 115217.72279442404 115318.85202881281 115434.65574529674 115550.23735004838 115690.48724332056 115748.29203199802 115821.66440808385 115910.12032242891 115981.41945393098 116032.24037456517 116079.49581001778 116131.24112263754 115822.86069564405 115393.76291578176 115165.3687987226 114929.64269046436 115032.80431282282 115257.70221369856 115357.9634151129 115465.84997394163 115581.74618142151 115702.47122359896 115758.9456226225 115818.42462434492 115888.41876395582 115961.76203816434 116029.46819591633 116099.75973672036 116098.24891861287 115719.66433602326 115455.35379986548 115367.29160108193 115207.93341033353 115441.95825770753 115599.27225115951 115645.44938816261 115792.50992048546 115922.42713959773 116016.63267740252 116031.48747530852 116096.48438814568 116147.15493815725 116183.90023579304 116223.50361588931 116260.12451893998 115940.66970943546 115550.91127823788 115363.51254571449 115144.27493982833 115281.54357669935 115480.30817687596 115584.37097315659 115712.54481093805 115823.33213169681 115958.23512651245 115996.8679436894 116053.79645590889 116131.71911543192 116202.97962413318 116255.9740662464 116297.26090196626 116338.09451632344 116199.8303055712 115770.82886492048 115496.3784664777 115341.65832812223 115270.88694801991 115523.02839516691 115644.489100545 115710.65349987688 115830.64806077993 115926.80613990506 116010.40556137028 116050.14878852494 116134.37107059173 116206.89128192047 116271.04417777176 116323.15131923427 116139.29509058569 115810.58368727111 115677.87048147287 115601.50283058648 115646.57874215042 115863.78336446745 115954.90551521086 115979.02639681246 116090.83986264934 116187.42188836564 116218.71410974671 116269.80353505164 116335.81491372542 116385.21277838552 116427.28142842701 116423.22163222259 116039.33284920703 115712.30295966985 115569.40334124691 115382.21558246705 115602.94133951471 115768.73768475134 115829.81841337567 115940.37804989584 116024.35859605954 116124.49849205202 116151.29423260104 116222.7457156287 116276.49628263293 116330.88445471814 116364.75099167021 116386.07779809996 116260.44113146339 115834.62808971788 115563.98511515127 115395.59235394809 115325.47537310199 115562.55203302368 115693.5292553386 115777.17426013463 115896.61839564377 116017.57396983099 116111.34423072488 116162.39265002137 116250.99724570988 116313.76553336778 116367.84642558625 116405.93579412409 116128.81232988926 115829.60391580767 115730.49180373602 115595.67804892689 115720.18112501461 115899.77470451905 115964.36349781055 116034.59387906731 116145.39499965479 116231.16746107407 116248.03193046553 116301.27019856033 116363.84535106947 116419.88425178645 116469.32225144948 116430.64882361726 116030.05447804075 115741.17909745243 115583.42358366455 115433.32685853846 115678.41773222788 115823.72115677134 115914.71356710701 116045.80944690642 116143.15662576511 116259.88631882 116289.32049979258 116368.31446139433 116449.99652836064 116512.02236311635 116586.91646010336 116648.18888051344 116652.30646113271 116277.93981931181 115957.37306416835 115805.66940201088 115635.79538369217 115851.53772532303 116002.95249763351 116077.24294359212 116184.97651134475 116288.97530154939 116393.6371663824 116411.41913667668 116480.06801011943 116534.37045663167 116572.49870305529 116616.4583826532 116564.72681130783 116195.34019256293 115962.36295525241 115880.00868208331 115760.44919947696 115986.76184285257 116140.14340608109 116180.0016516404 116299.71906319165 116412.37607920746 116476.80886720131 116504.16084413984 116574.59926942972 116619.93113351869 116665.61933884697 116697.66585960086 116476.73398999791 116105.48889883146 115897.46157003586 115732.24650557579 115782.6404862557 116001.33731325013 116099.54941423092 116179.83008484555 116265.31009871502 116362.54205553816 116423.53896041737 116466.18611842343 116545.31437903867 116598.99352014778 116640.03243908045 116678.33623214494 116666.30546483368 116276.77724435566 115943.46720497403 115780.68244610072 115596.8605905422 115811.64482540741 115972.38677272282 116051.69924477243 116177.48934570921 116293.20816127796 116404.46560810407 116440.2691242346 116499.97678601739 116544.35831899609 116596.54689337818 116641.19044370807 116426.21385025889 116090.12172756947 115945.54437716919 115827.80750164787 115880.59796923987 116086.06662857576 116176.33325916172 0 0 0 0 0 0 0 0 0 0 0 0 0 0 0 0 0 0 0 0 0 0 0 0 0 0 0 0 0 0 0 0 0 0 0 0 0 0 0 0 0 0 0 0 0 0 0 0 0 0 0 0 0 0 0 0 0 0 0 0 0 0 0 0 0 0 0 0 0 0 0 0 0 0 0 0 0 0 0 0 0 0 0 0 0 0 0 0 0 0 0 0 0 0 0 0 0 0 0 0 0 0 0 0 0 0 0 0 0 0 0 0 0 0 0 0 0 0 0 0 0 0 0 0 0 0 0 0 0 0 0 0 0 0 0 0 0 0 0 0 0 0 0 0 0 0 0 0 0 0 0 0 0 0 0 0 0 0 0 0 0 0 0 0 0 0 0 0 0 0 0 0 0 0 0 0 0 0 0 0 0 0 0 0 0 0 0 0 0 0 0 0 0 0 0 0 0 0 0 0 0 0 0 0 0 0 0 0 0 0 0 0 0 0 0 0 0 0 0 0 0 0 0 0 0 0 0 0 0 0 0 0 0 0 0 0 0 0 0 0 0 0



# name: <cell-element>
# type: matrix
# rows: 1
# columns: 600
 80 161 242 321 402 483 564 643 723 803 883 964 1044 1124 1204 1285 1366 1444 1525 1606 1686 1766 1846 1927 2007 2087 2166 2247 2327 2408 2488 2567 2648 2729 2810 2888 2969 3050 3129 3209 3290 3371 3451 3530 3610 3690 3771 3852 3932 4011 4092 4173 4251 4332 4413 4494 4574 4654 4734 4814 4894 4974 5054 5134 5215 5296 5376 5455 5536 5616 5695 5776 5857 5938 6017 6097 6178 6259 6338 6418 6498 6578 6659 6740 6820 6899 6979 7060 7139 7220 7301 7382 7461 7541 7622 7701 7782 7862 7942 8022 8103 8184 8264 8342 8423 8504 8583 8664 8745 8826 8905 8985 9065 9145 9226 9306 9386 9466 9547 9628 9708 9786 9867 9948 10027 10108 10189 10270 10349 10428 10509 10590 10670 10750 10830 10910 10991 11072 11151 11230 11311 11392 11471 11552 11633 11714 11792 11871 11952 12033 12113 12193 12273 12353 12434 12514 12594 12673 12754 12835 12916 12995 13076 13157 13236 13316 13396 13477 13557 13638 13718 13797 13878 13958 14039 14118 14199 14280 14361 14440 14521 14601 14680 14760 14841 14922 15002 15082 15162 15243 15322 15403 15483 15562 15643 15724 15805 15884 15964 16045 16124 16204 16285 16366 16446 16527 16607 16686 16766 16847 16928 17007 17088 17169 17250 17329 17409 17490 17569 17649 17730 17811 17891 17971 18050 18131 18211 18292 18373 18452 18533 18614 18695 18773 18854 18935 19016 19095 19176 19257 19338 19416 19495 19576 19656 19737 19817 19897 19977 20058 20138 20218 20297 20378 20459 20538 20619 20700 20781 20859 20939 21020 21101 21181 21261 21341 21421 21501 21582 21662 21741 21822 21903 21984 22063 22144 22224 22303 22383 22464 22545 22625 22706 22786 22866 22946 23027 23107 23186 23267 23348 23429 23508 23588 23669 23749 23829 23909 23990 24070 24151 24231 24311 24391 24472 24552 24632 24712 24793 24874 24952 25033 25114 25195 25274 25355 25436 25517 25596 25675 25756 25836 25917 25997 26077 26157 26238 26319 26398 26477 26558 26639 26718 26799 26880 26961 27039 27118 27199 27280 27360 27440 27520 27600 27681 27761 27842 27921 28002 28083 28164 28243 28324 28405 28484 28564 28644 28725 0 0 0 0 0 0 0 0 0 0 0 0 0 0 0 0 0 0 0 0 0 0 0 0 0 0 0 0 0 0 0 0 0 0 0 0 0 0 0 0 0 0 0 0 0 0 0 0 0 0 0 0 0 0 0 0 0 0 0 0 0 0 0 0 0 0 0 0 0 0 0 0 0 0 0 0 0 0 0 0 0 0 0 0 0 0 0 0 0 0 0 0 0 0 0 0 0 0 0 0 0 0 0 0 0 0 0 0 0 0 0 0 0 0 0 0 0 0 0 0 0 0 0 0 0 0 0 0 0 0 0 0 0 0 0 0 0 0 0 0 0 0 0 0 0 0 0 0 0 0 0 0 0 0 0 0 0 0 0 0 0 0 0 0 0 0 0 0 0 0 0 0 0 0 0 0 0 0 0 0 0 0 0 0 0 0 0 0 0 0 0 0 0 0 0 0 0 0 0 0 0 0 0 0 0 0 0 0 0 0 0 0 0 0 0 0 0 0 0 0 0 0 0 0 0 0 0 0 0 0 0 0 0 0 0 0 0 0 0 0 0 0





